1474.779053
9.136654
69.614677
68.601059
4.870917
116.828796
7.185772
30.257879
2.303530
1.397898
18.375267
0.000000
7.142646
12.953370
1696.755981
0.000000
0.000000
0.000000
0.000000
5746.122070
20.734863
0.000000
0.000000
0.000000
0.000000
0.618850
8.647963
0.000000
0.000000
0.000000
1.688214
1.062745
0.658198
23.310020
10001.116211
10000.000000
0.493452
67.572830
0.743440
245.933502
862.318848
0.000000
4347.826660
9999.997070
54.644829
10000.000000
104.931801
10078.427734
234.109192
862.318848
0.000000
40.983582
1478.571167
450.629639
0.000000
29.325510
112.359596
15.649450
24.330900
104.166702
125.000000
50.761421
10030.214844
129.498718
15.919922
329.642700
45.988823
130.179825
175.438568
34.419662
55.555561
29.365078
0.000000
304.657043
652.781555
121.949211
5000.000000
191.919281
473.512299
641.343811
352.895386
4.975124
17.241381
17.574690
439.080505
6807.496094
147.058594
0.000000
65.341202
32.494099
612.561951
95.238083
516.946777
430.963593
58.997345
10018.099609
3.835826
0.000000
2.390629
37.956291
2.205387
30.387524
9999.998047
0.000001
382.447632
0.000000
32.154339
909.091064
10000.000000
10065.699219
10015.104492
301.759186
10033.069336
10000.004883
0.000008
78.980072
0.000000
5.521811
34.129700
126.582298
121.896957
81.808189
37.313484
56.489258
252.308929
62.111816
5.555557
0.000000
-0.000008
231.903198
880.594666
25.822426
12.562866
0.000000
10030.190430
38.204712
108.030998
217.897995
12.853462
32.676491
0.000000
36.703239
20014.589844
10000.000977
10014.768555
2941.176758
10000.002930
0.000000
5.205622
73.529411
13.297870
10.405830
34.482761
13.717420
28.985510
144.927505
38.461540
28.011200
9.641960
21.373650
10.903210
87.511719
99.855347
5.205622
117.694199
270.319611
17.331020
69.630638
14.104369
30.286551
52.253502
56.842682
38.314224
50.633888
11.820339
860.802795
104.166611
27.980133
11.820330
8.695648
23.148149
51.817169
163.388885
62.077621
8.064516
79.689468
43.688446
0.000000
41.497921
33.003300
1149.633057
744.642090
205.599136
42.918461
26.178020
0.000000
21.739132
0.000488
0.000000
60.091301
14.880898
4.719210
0.000004
0.000000
7.092199
10.198877
95.856079
-0.000023
0.000015
1796.925049
20.920509
0.000000
73.529449
50.761421
0.000000
27.100235
-0.000244
0.000000
112.522667
0.000023
6.749223
78.420471
42.016811
7.267441
-0.000004
0.000050
46.082947
51.344318
0.000000
0.000000
18.450190
0.000008
0.000000
29.175920
2117.081055
8.110291
123.457100
188.150406
17.993469
7.917656
2841.506348
129.606613
0.000000
61.349739
23.474182
23.866379
582.770325
232.558105
1666.666992
1123.713989
138.888855
156.640610
0.000023
383.771912
156.864990
10133.000000
0.000015
208.850342
12.936615
119.047646
0.000015
173.423828
0.000000
131.579056
1017.575012
123.456802
332.337036
121.450401
208.333313
101.084717
0.000000
0.000008
1295.093994
303.030304
0.000000
0.000122
5086.957031
14.619880
0.000000
0.000000
0.000000
-0.000488
75.757599
0.000031
0.000000
0.000000
0.000000
62.111832
0.000000
0.000000
-0.000019
-0.000032
-0.000031
-0.000031
38.314171
101.010101
17.421600
0.000008
0.000011
70.922005
86.206932
0.000000
714.286194
1380.582031
196.078400
37.878792
0.000031
81.300819
0.000000
0.000008
68.965591
277.777832
0.000000
0.000061
478.830688
37.593994
-0.002930
10.020081
1111.110962
0.000000
-0.000015
-0.000019
-0.000023
27.855160
0.000008
-0.000002
0.000015
0.000000
0.000122
2.409639
0.881057
1.666667
2.608922
1.446132
27.855150
217.391342
14.004181
15.243904
15.243904
23.006039
12.771389
39.053780
9.469702
17.391310
22.421530
53.238678
40.485828
38.610043
24.271854
0.000008
7.374631
14.912560
11.759604
28.978670
2.164971
13.595560
1.307306
46.948360
18.554470
8.051530
509.451813
22.466101
92.845245
0.000000
0.000000
15.337425
270.833344
-0.000023
72.992699
0.000004
166.666687
-0.000092
0.000000
0.000000
119.866028
0.000000
0.000000
0.000000
0.000000
0.000000
0.000000
0.000000
56.142544
0.000000
0.000000
0.000000
0.000000
59.074383
-0.000015
0.000000
0.000000
3.451852
32.258060
19.592480
752.460449
97.030869
690.476318
0.000000
0.000000
10000.000000
19.693596
0.000000
0.000000
3.536068
0.000000
10030.961914
0.000008
0.000000
-0.000001
10155.490234
167.027344
25.911385
-0.000000
319.015900
319.015900
313.965393
313.965393
39.258251
0.000000
1716.987061
0.000000
0.000000
606.960876
293.411102
260.631775
462.675598
0.000000
305.939514
0.000000
0.000000
0.000092
0.000092
235.055908
0.000000
83.682007
21.459230
93.679718
0.000000
15.797825
0.000000
33.288948
0.000000
1625.394043
1249.999634
113.843109
0.000000
561.334534
19.723801
1999.999634
21.367310
0.000000
38.314171
0.000000
35.971222
0.000000
105.572701
0.000000
44.008423
0.000000
21.739132
0.000000
48.543793
0.000000
47.846081
65.789482
49.751221
0.000000
10000.000000
10000.000000
0.000244
71.302483
0.000000
4.089844
0.000008
23.231924
32.362461
160.384949
21.281250
22.473480
-0.000061
24.374668
78.740143
0.000000
17.719257
8.305648
51.548828
5.743825
5.743825
6.968641
7.077141
18.882526
9999.996094
11.235960
121.951202
46.296299
303.030304
104.166702
20.080320
87.331711
0.000000
227.982697
87.642784
121.515503
71.428574
80.558655
0.000977
194.649811
253.010620
859.147583
2380.952637
17.696690
99.009903
83.454933
18.943647
585.006470
0.000061
17.188862
0.000000
84.913506
0.000977
104.166656
12.004761
215.441772
220.543106
78.740158
54.138969
128.278671
336.291809
0.000000
261.717712
128.905273
474.155945
0.000000
117.956360
16.025640
518.490112
0.000061
84.768852
0.000000
21.459229
13.995800
154.467804
18.184570
-0.001953
0.000000
0.000000
-0.000008
7.942812
8.532423
35.335690
57.684372
17.589310
31.773224
315.680176
43.250149
134.368240
16.556293
83.741966
8.976662
5.470460
173.894821
8.460297
3.386391
0.000046
5.017561
4.231873
0.000005
85.314743
20.080320
14.705880
11.428570
14.858840
18.518520
0.000000
400.000000
23.743111
897.214905
14.814812
52.892952
13.831258
27.648987
0.000015
20.724213
52.254059
76.220100
2.538071
52.995010
10.004130
6.075334
11.779920
9.784737
7.564296
10.537410
63.694271
0.000001
22.072580
-0.000002
0.000000
6.038647
282.485840
9.425446
4.950500
42.684563
15.424642
20.325211
3.743916
0.000008
44.109089
9.285049
0.000004
11.792455
0.000000
0.000011
0.000000
-0.000002
0.000000
51.020409
27.573339
5.000000
2.089864
92.215645
12.466720
18.418501
23.041504
6.455779
8.504332
15.822790
43.104019
5114.942383
27.869169
0.000000
8.596756
0.000000
-0.000003
5.007516
3.032141
0.000000
0.000000
-0.000023
0.000000
0.000000
0.000004
0.000000
87.813622
32.232639
35.236141
18.796997
87.559502
89.504951
16.949150
35.832531
3945.477051
10.604454
184.768204
330.645111
4.040404
107.526840
298.245605
62.499989
36.605251
500.000000
58.139538
0.000488
29.585800
90.090088
526.315796
5.494505
-0.000031
400.000000
54.054058
53.191498
342.178619
0.000011
340.598602
30.864197
153.846130
314.916992
0.000008
0.000038
103.554199
1111.111206
0.000092
1.579031
1.923077
1.764913
42.798492
0.000000
46.757614
1.935358
178.919922
10034.125000
0.000000
34.129688
18.348663
0.000000
0.000000
10.810809
0.000000
7.968130
0.000001
0.000000
0.000000
0.000000
0.000000
0.000000
11.049720
40.247070
32.461327
-0.000008
0.000000
24.150391
10.787490
10.928960
49.033646
0.000008
4.541321
0.000031
14.513790
14.513790
14.513790
14.513790
14.513790
14.513790
8.477507
-0.000004
-0.000008
22.777340
21.340166
22.543539
22.128792
-0.000015
0.000000
0.000006
-0.000004
3.749531
5.060729
10.416670
25.252529
6.666667
119.129883
37.319901
36.009129
4.042023
33.333382
4.530273
0.000001
83.119667
20.202019
79.365128
36.153809
0.000000
14.239590
0.000000
101.724800
24.999996
27.816410
0.000008
0.000000
-0.000004
6.238303
12.730373
4.484305
0.000000
0.000000
0.000000
2.325582
0.000000
6.551430
0.000000
10000.003906
4.694836
-0.000001
35.398418
0.000000
87.970932
44.963181
24.346170
27.510309
13.523628
17.117264
0.000000
12.738800
0.000011
14.577259
64.963646
499.999512
8.818339
184.537476
3.385241
56.704254
0.000000
18.234831
10003.912109
20.438393
-0.000023
21.834068
78.161316
6.002402
0.000000
0.000000
0.000000
9999.995117
45.454575
0.000000
117.647011
4.975124
4.065041
13.333330
112.359543
35.019016
0.000000
500.000000
805.555481
149.039505
0.000000
67.985649
92.157257
0.000000
232.558167
0.000000
143.797272
133.555496
0.000000
10000.000000
0.000000
0.000000
0.000000
12.592210
19.540169
21.710472
21.566620
24.830650
3.124996
65.838654
97.965134
13.042410
0.000000
7.275795
0.000000
0.000000
0.000000
0.000000
0.000000
0.000000
0.000000
0.000000
6.595976
7.869374
7.853637
9.019895
1.965569
2.941501
5.118024
0.000000
0.000000
0.000000
0.000000
2.091787
0.000000
0.813008
0.000000
5.373489
2.843815
23.836805
0.000000
71.851189
5.135919
79.895912
67.114120
11.834320
-0.000003
3.439506
6.692324
5.096840
268.818207
0.000061
69.952911
0.000015
13.239770
0.000000
15.559360
-0.000046
0.000000
208.625305
14.267685
34.378941
26.690100
11.792459
526.315796
90.179062
0.000000
185.829895
0.000000
10037.209961
454.545471
32.894741
70.752380
119.873299
140.267792
0.000000
10010.860352
400.000000
11.148270
479.299011
0.000000
213.715088
18.832401
71.186996
196.078491
0.000000
131.578903
0.000061
0.000008
112.010605
103.092796
81.967216
194.204834
75.103485
17.241383
0.000000
87.830666
10016.183594
0.000000
38.910507
0.000000
-0.000046
43.968208
1008.319275
0.000000
96.153877
0.000000
78.740158
157.825653
0.000000
34.843201
10032.900391
-0.000031
0.000000
0.000000
99.009903
400.000000
0.000000
80.645157
0.000008
3.323363
10.526320
0.000000
99.698318
0.000046
59.134991
22.366379
65.359474
22.471910
29.239807
-0.000008
0.000000
118.289246
0.000000
0.000000
400.000031
14.404967
36.900375
4.847311
0.000000
15.635220
99.009918
0.000000
0.000000
6.418488
0.000000
11.428596
0.000002
0.000031
999.999878
0.000000
131.227707
0.000000
11.990410
208.333374
0.000002
214.386002
0.000000
7.697876
0.000000
29.582520
0.000000
39.525700
25.275829
5.906673
0.000000
2.932556
0.000000
4.027380
0.000000
11.301327
78.740158
9.066177
-0.000004
0.000000
0.000000
0.000000
8.319468
4.084967
3.158560
10.416670
125.026299
0.000000
24.420019
93.679688
0.000000
41.152260
5.871990
728.979797
75.757584
34.602081
4.102139
73.800743
0.000000
43.478264
34.965031
0.000008
0.000000
26.889259
1.748552
4.436559
9.615387
8.274647
0.000001
-0.001953
9.363300
0.000000
16.278049
0.000000
0.000002
4.096684
-0.000001
0.000000
0.000000
-0.000008
0.000008
0.000008
0.000000
26.041702
51.691898
48.543697
53.191490
0.000038
0.000000
26.178009
204.707520
3.607498
-0.000029
0.000488
0.000092
110.501541
0.000000
0.000038
-0.000053
52.083405
0.000000
-0.000000
9.573448
10.351971
15.773240
39.936638
14.005600
2.654632
31.214399
27.855160
27.632990
4.299227
4.215853
163.934448
112.249611
4.297386
18.691589
35.013351
21.404762
3.007519
-0.000008
0.000000
0.000000
500.000000
0.000000
0.000000
0.000000
0.000000
0.000004
12.213740
4.708099
9.951672
0.000002
9.302322
0.000001
115.735703
12.066984
99.009903
6.557375
0.000000
4.578751
5.503575
4.524887
0.000000
46.189621
-0.000008
6.006008
0.000000
0.000000
0.000000
2.628120
7.380074
0.000001
0.000000
6.625187
0.000000
0.000000
4.454343
0.000000
0.000004
0.000000
-0.000046
21.786499
-0.000031
10.741140
0.000000
0.000000
0.000000
0.000000
15.820312
0.000000
24.390240
0.000000
0.000000
0.000000
-0.000011
0.000011
0.000000
0.000000
