285559872.000000
272224608.000000
1.000000
321350400.000000
401347968.000000
1.000000
316339936.000000
199005184.000000
1.000000
293539776.000000
354871040.000000
1.000000
373463776.000000
360128544.000000
1.000000
316339936.000000
199005184.000000
1.000000
293539712.000000
354871040.000000
1.000000
345653120.000000
313651584.000000
1.000000
373463776.000000
360128512.000000
1.000000
316339936.000000
199005184.000000
1.000000
293539712.000000
354871040.000000
1.000000
345653120.000000
313651584.000000
1.000000
345653120.000000
313651584.000000
1.000000
373463776.000000
360128512.000000
1.000000
316339936.000000
199005184.000000
1.000000
293539712.000000
354871040.000000
1.000000
345653120.000000
313651584.000000
1.000000
345653120.000000
313651584.000000
1.000000
345653120.000000
313651584.000000
1.000000
373463776.000000
360128512.000000
1.000000
285357344.000000
175625888.000000
1.000000
293539712.000000
354871040.000000
1.000000
345653120.000000
313651584.000000
1.000000
345653120.000000
313651584.000000
1.000000
345653120.000000
313651584.000000
1.000000
345653120.000000
313651584.000000
1.000000
368596000.000000
376663840.000000
1.000000
254023360.000000
184708448.000000
1.000000
65091824.000000
158424656.000000
1.000000
80359632.000000
141692912.000000
1.000000
80359632.000000
141692912.000000
1.000000
80359632.000000
141692912.000000
1.000000
80359632.000000
141692912.000000
1.000000
96261368.000000
159181184.000000
1.000000
184985968.000000
242955616.000000
1.000000
90647936.000000
55960416.000000
1.000000
100431640.000000
78320832.000000
1.000000
509715072.000000
531044224.000000
677948096.000000
492492704.000000
695153984.000000
840728320.000000
495940384.000000
261270928.000000
894383808.000000
417337184.000000
582665984.000000
883813632.000000
532051360.000000
505380864.000000
1034762752.000000
495940480.000000
261270912.000000
894383808.000000
417337120.000000
582665920.000000
883813632.000000
456895840.000000
392892736.000000
1077848064.000000
532051456.000000
505380864.000000
1034762752.000000
495940480.000000
261270912.000000
894383808.000000
417337088.000000
582665984.000000
883813504.000000
456895840.000000
392892736.000000
1077847936.000000
456895840.000000
392892736.000000
1077847936.000000
532051456.000000
505380800.000000
1034762752.000000
495940480.000000
261270912.000000
894383808.000000
417337088.000000
582665984.000000
883813504.000000
456895840.000000
392892736.000000
1077847936.000000
456895840.000000
392892736.000000
1077847936.000000
456895840.000000
392892736.000000
1077847936.000000
532051456.000000
505380800.000000
1034762752.000000
444322656.000000
224859632.000000
822219392.000000
417337088.000000
582665984.000000
883813504.000000
456895840.000000
392892736.000000
1077847936.000000
456895840.000000
392892736.000000
1077847936.000000
456895840.000000
392892736.000000
1077847936.000000
456895840.000000
392892736.000000
1077847936.000000
537838400.000000
553973952.000000
984659136.000000
335861856.000000
197232032.000000
843602880.000000
34645832.000000
237311264.000000
371762208.000000
43514044.000000
166180624.000000
444510528.000000
43514044.000000
166180624.000000
444510528.000000
43514044.000000
166180624.000000
444510528.000000
43514032.000000
166180624.000000
444510592.000000
75319944.000000
201159584.000000
451301728.000000
227878032.000000
343817408.000000
575933760.000000
96432320.000000
27057292.000000
515291040.000000
122542448.000000
78320824.000000
420288608.000000
575601216.000000
517867104.000000
443091840.000000
492492672.000000
616091520.000000
397507232.000000
575003776.000000
324520960.000000
529745312.000000
417337152.000000
503603488.000000
388501344.000000
532051360.000000
505380832.000000
461759520.000000
575003776.000000
324520960.000000
529745312.000000
417337152.000000
503603488.000000
388501344.000000
456895776.000000
392892736.000000
452753568.000000
532051360.000000
505380832.000000
461759520.000000
575003776.000000
324520960.000000
529745312.000000
417337152.000000
503603488.000000
388501344.000000
456895776.000000
392892736.000000
452753568.000000
456895776.000000
392892736.000000
452753568.000000
532051360.000000
505380832.000000
461759520.000000
575003776.000000
324520960.000000
529745312.000000
417337152.000000
503603488.000000
388501344.000000
456895776.000000
392892736.000000
452753568.000000
456895776.000000
392892736.000000
452753568.000000
456895776.000000
392892736.000000
452753568.000000
532051360.000000
505380832.000000
461759520.000000
512915872.000000
279734656.000000
485173728.000000
417337152.000000
503603488.000000
388501344.000000
456895776.000000
392892736.000000
452753568.000000
456895776.000000
392892736.000000
452753568.000000
456895776.000000
392892736.000000
452753568.000000
456895776.000000
392892736.000000
452753568.000000
537838336.000000
553973952.000000
453049344.000000
413673504.000000
220482016.000000
384443168.000000
-31240256.000000
197780032.000000
124106048.000000
-35549312.000000
166180608.000000
131963360.000000
-35549312.000000
166180608.000000
131963360.000000
-35549312.000000
166180608.000000
131963360.000000
-35549312.000000
166180608.000000
131963360.000000
-3741728.000000
201159600.000000
138760992.000000
150066368.000000
343817408.000000
197016736.000000
145182336.000000
67057296.000000
288988224.000000
84260784.000000
118320832.000000
211433056.000000
575601216.000000
517867104.000000
443091840.000000
492492672.000000
616091520.000000
397507232.000000
575003776.000000
324520960.000000
529745312.000000
417337152.000000
503603488.000000
388501344.000000
532051360.000000
505380832.000000
461759520.000000
575003776.000000
324520960.000000
529745312.000000
417337152.000000
503603488.000000
388501344.000000
456895776.000000
392892736.000000
452753568.000000
532051360.000000
505380832.000000
461759520.000000
575003776.000000
324520960.000000
529745312.000000
417337152.000000
503603488.000000
388501344.000000
456895776.000000
392892736.000000
452753568.000000
456895776.000000
392892736.000000
452753568.000000
532051360.000000
505380832.000000
461759520.000000
575003776.000000
324520960.000000
529745312.000000
417337152.000000
503603488.000000
388501344.000000
456895776.000000
392892736.000000
452753568.000000
456895776.000000
392892736.000000
452753568.000000
456895776.000000
392892736.000000
452753568.000000
532051360.000000
505380832.000000
461759520.000000
512915872.000000
279734656.000000
485173728.000000
417337152.000000
503603488.000000
388501344.000000
456895776.000000
392892736.000000
452753568.000000
456895776.000000
392892736.000000
452753568.000000
456895776.000000
392892736.000000
452753568.000000
456895776.000000
392892736.000000
452753568.000000
537838336.000000
553973952.000000
453049344.000000
413673504.000000
220482016.000000
384443168.000000
-31240256.000000
197780032.000000
124106048.000000
-35549312.000000
166180608.000000
131963360.000000
-35549312.000000
166180608.000000
131963360.000000
-35549312.000000
166180608.000000
131963360.000000
-35549312.000000
166180608.000000
131963360.000000
-3741728.000000
201159600.000000
138760992.000000
150066368.000000
343817408.000000
197016736.000000
145182336.000000
67057296.000000
288988224.000000
84260784.000000
118320832.000000
211433056.000000
575601216.000000
517867104.000000
443091840.000000
492492672.000000
616091520.000000
397507232.000000
575003776.000000
324520960.000000
529745312.000000
417337152.000000
503603488.000000
388501344.000000
532051360.000000
505380832.000000
461759520.000000
575003776.000000
324520960.000000
529745312.000000
417337152.000000
503603488.000000
388501344.000000
456895776.000000
392892736.000000
452753568.000000
532051360.000000
505380832.000000
461759520.000000
575003776.000000
324520960.000000
529745312.000000
417337152.000000
503603488.000000
388501344.000000
456895776.000000
392892736.000000
452753568.000000
456895776.000000
392892736.000000
452753568.000000
532051360.000000
505380832.000000
461759520.000000
575003776.000000
324520960.000000
529745312.000000
417337152.000000
503603488.000000
388501344.000000
456895776.000000
392892736.000000
452753568.000000
456895776.000000
392892736.000000
452753568.000000
456895776.000000
392892736.000000
452753568.000000
532051360.000000
505380832.000000
461759520.000000
512915872.000000
279734656.000000
485173728.000000
417337152.000000
503603488.000000
388501344.000000
456895776.000000
392892736.000000
452753568.000000
456895776.000000
392892736.000000
452753568.000000
456895776.000000
392892736.000000
452753568.000000
456895776.000000
392892736.000000
452753568.000000
537838336.000000
553973952.000000
453049344.000000
413673504.000000
220482016.000000
384443168.000000
-31240256.000000
197780032.000000
124106048.000000
-35549312.000000
166180608.000000
131963360.000000
-35549312.000000
166180608.000000
131963360.000000
-35549312.000000
166180608.000000
131963360.000000
-35549312.000000
166180608.000000
131963360.000000
-3741728.000000
201159600.000000
138760992.000000
150066368.000000
343817408.000000
197016736.000000
145182336.000000
67057296.000000
288988224.000000
84260784.000000
118320832.000000
211433056.000000
587857728.000000
535114016.000000
677078720.000000
549285888.000000
645862784.000000
728788160.000000
597414272.000000
346459200.000000
746746880.000000
453888384.000000
538891392.000000
691030912.000000
589652096.000000
513862688.000000
758032896.000000
597414272.000000
346459200.000000
746746880.000000
453888384.000000
538891392.000000
691030912.000000
494254560.000000
406891296.000000
720275648.000000
589652096.000000
513862688.000000
758032896.000000
597414272.000000
346459200.000000
746746880.000000
453888384.000000
538891392.000000
691030912.000000
494254560.000000
406891296.000000
720275648.000000
494254560.000000
406891296.000000
720275648.000000
589652096.000000
513862688.000000
758032896.000000
597414272.000000
346459200.000000
746746880.000000
453888384.000000
538891392.000000
691030912.000000
494254560.000000
406891296.000000
720275648.000000
494254560.000000
406891296.000000
720275648.000000
494254560.000000
406891296.000000
720275648.000000
589652096.000000
513862688.000000
758032896.000000
551152960.000000
315281248.000000
750358912.000000
453888384.000000
538891392.000000
691030912.000000
494254560.000000
406891296.000000
720275648.000000
494254560.000000
406891296.000000
720275648.000000
494254560.000000
406891296.000000
720275648.000000
494254560.000000
406891296.000000
720275648.000000
600985600.000000
563357312.000000
767779584.000000
418392640.000000
242426336.000000
523218464.000000
32855168.000000
248611616.000000
328058496.000000
39366720.000000
201499552.000000
329687776.000000
39366720.000000
201499552.000000
329687776.000000
39366720.000000
201499552.000000
329687776.000000
39366720.000000
201499552.000000
329687776.000000
106248160.000000
255607600.000000
386641088.000000
196382416.000000
363045120.000000
374006688.000000
175145872.000000
110132736.000000
390117568.000000
123165096.000000
164274352.000000
337996384.000000
459451488.000000
414851584.000000
589956544.000000
432274144.000000
512527520.000000
637170176.000000
510221952.000000
258403728.000000
678675520.000000
319652640.000000
413850592.000000
577808640.000000
533161600.000000
406576928.000000
747047296.000000
510221952.000000
258403728.000000
678675520.000000
319652640.000000
413850592.000000
577808640.000000
420540096.000000
307899968.000000
687685760.000000
533161600.000000
406576928.000000
747047296.000000
510221952.000000
258403728.000000
678675520.000000
319652640.000000
413850592.000000
577808640.000000
420540096.000000
307899968.000000
687685760.000000
420540096.000000
307899968.000000
687685760.000000
533161600.000000
406576928.000000
747047296.000000
510221952.000000
258403728.000000
678675520.000000
319652640.000000
413850592.000000
577808640.000000
420540096.000000
307899968.000000
687685760.000000
420540096.000000
307899968.000000
687685760.000000
420540096.000000
307899968.000000
687685760.000000
533161600.000000
406576928.000000
747047296.000000
471722080.000000
234636960.000000
718147584.000000
319652640.000000
413850592.000000
577808640.000000
420540096.000000
307899968.000000
687685760.000000
420540096.000000
307899968.000000
687685760.000000
420540096.000000
307899968.000000
687685760.000000
420540096.000000
307899968.000000
687685760.000000
527512256.000000
437185920.000000
710948224.000000
319433216.000000
161187712.000000
401052288.000000
9003680.000000
222121248.000000
304721696.000000
55858016.000000
174518816.000000
361043456.000000
55858016.000000
174518816.000000
361043456.000000
55858016.000000
174518816.000000
361043456.000000
55858016.000000
174518816.000000
361043456.000000
124896000.000000
214747040.000000
375089536.000000
164396784.000000
300806592.000000
327464480.000000
153939680.000000
102407216.000000
357112480.000000
115873944.000000
163209456.000000
337996416.000000
426161696.000000
382256128.000000
509901088.000000
384491456.000000
461610944.000000
534024768.000000
467209344.000000
227201184.000000
578547584.000000
274590624.000000
365459808.000000
473305920.000000
476779808.000000
358676992.000000
630724736.000000
467209344.000000
227201184.000000
578547584.000000
274590624.000000
365459808.000000
473305920.000000
366878976.000000
262525824.000000
570005824.000000
476779808.000000
358676992.000000
630724736.000000
467209344.000000
227201184.000000
578547584.000000
274590624.000000
365459808.000000
473305920.000000
366878976.000000
262525824.000000
570005824.000000
366878976.000000
262525824.000000
570005824.000000
476779808.000000
358676992.000000
630724736.000000
467209344.000000
227201184.000000
578547584.000000
274590624.000000
365459808.000000
473305920.000000
366878976.000000
262525824.000000
570005824.000000
366878976.000000
262525824.000000
570005824.000000
366878976.000000
262525824.000000
570005824.000000
476779808.000000
358676992.000000
630724736.000000
418640416.000000
201311888.000000
597808896.000000
274590624.000000
365459808.000000
473305920.000000
366878976.000000
262525824.000000
570005824.000000
366878976.000000
262525824.000000
570005824.000000
366878976.000000
262525824.000000
570005824.000000
366878976.000000
262525824.000000
570005824.000000
467641152.000000
396428864.000000
577457216.000000
267793088.000000
119312896.000000
307405056.000000
-13582176.000000
194540000.000000
250576128.000000
30376576.000000
148264256.000000
300463488.000000
30376576.000000
148264256.000000
300463488.000000
30376576.000000
148264256.000000
300463488.000000
30376576.000000
148264256.000000
300463488.000000
100228000.000000
190193584.000000
308377152.000000
154099744.000000
291386112.000000
312761376.000000
153955552.000000
106658960.000000
372149216.000000
114752144.000000
164136688.000000
347579936.000000
416664512.000000
378774080.000000
531183488.000000
390643008.000000
467210912.000000
572115136.000000
456340832.000000
226098000.000000
591696064.000000
287408160.000000
376750624.000000
517700864.000000
476762368.000000
360734144.000000
652878720.000000
456340832.000000
226098000.000000
591696064.000000
287408160.000000
376750624.000000
517700864.000000
373527520.000000
270273856.000000
598464384.000000
476762368.000000
360734144.000000
652878720.000000
456340832.000000
226098000.000000
591696064.000000
287408160.000000
376750624.000000
517700864.000000
373527520.000000
270273856.000000
598464384.000000
373527520.000000
270273856.000000
598464384.000000
476762368.000000
360734144.000000
652878720.000000
456340832.000000
226098000.000000
591696064.000000
287408160.000000
376750624.000000
517700864.000000
373527520.000000
270273856.000000
598464384.000000
373527520.000000
270273856.000000
598464384.000000
373527520.000000
270273856.000000
598464384.000000
476762368.000000
360734144.000000
652878720.000000
401774912.000000
205402512.000000
614193664.000000
287408160.000000
376750624.000000
517700864.000000
373527520.000000
270273856.000000
598464384.000000
373527520.000000
270273856.000000
598464384.000000
373527520.000000
270273856.000000
598464384.000000
373527520.000000
270273856.000000
598464384.000000
480704768.000000
423201280.000000
617440256.000000
239015984.000000
96478848.000000
295544960.000000
4018368.000000
198377728.000000
266620800.000000
43501472.000000
149279104.000000
306924800.000000
43501472.000000
149279104.000000
306924800.000000
43501472.000000
149279104.000000
306924800.000000
43501472.000000
149279104.000000
306924800.000000
119511552.000000
197943584.000000
318910144.000000
164814432.000000
292468096.000000
315117600.000000
147735104.000000
103822512.000000
367448160.000000
115775904.000000
164125792.000000
347580000.000000
392766304.000000
354872224.000000
453668160.000000
347950880.000000
425753728.000000
464173408.000000
418336544.000000
189988560.000000
476694080.000000
242133504.000000
333079712.000000
404276128.000000
423101536.000000
310218272.000000
515559808.000000
418336544.000000
189988560.000000
476694080.000000
242133504.000000
333079712.000000
404276128.000000
317284192.000000
217544272.000000
455662432.000000
423101536.000000
310218272.000000
515559808.000000
418336544.000000
189988560.000000
476694080.000000
242133504.000000
333079712.000000
404276128.000000
317284192.000000
217544272.000000
455662432.000000
317284192.000000
217544272.000000
455662432.000000
423101536.000000
310218272.000000
515559808.000000
418336544.000000
189988560.000000
476694080.000000
242133504.000000
333079712.000000
404276128.000000
317284192.000000
217544272.000000
455662432.000000
317284192.000000
217544272.000000
455662432.000000
317284192.000000
217544272.000000
455662432.000000
423101536.000000
310218272.000000
515559808.000000
363360864.000000
198941440.000000
499600000.000000
242133504.000000
333079712.000000
404276128.000000
317284192.000000
217544272.000000
455662432.000000
317284192.000000
217544272.000000
455662432.000000
317284192.000000
217544272.000000
455662432.000000
317284192.000000
217544272.000000
455662432.000000
434589696.000000
401779904.000000
477250144.000000
183387600.000000
40947872.000000
182764048.000000
-25325698.000000
170637808.000000
203316800.000000
9195628.000000
115966352.000000
227690240.000000
9195628.000000
115966352.000000
227690240.000000
9195628.000000
115966352.000000
227690240.000000
9195628.000000
115966352.000000
227690240.000000
90004632.000000
168251152.000000
232353952.000000
143426624.000000
276674592.000000
266006912.000000
139052304.000000
97580960.000000
357489824.000000
104551256.000000
154010976.000000
327788288.000000
403919808.000000
375189888.000000
504486528.000000
375503552.000000
461269856.000000
540924416.000000
423394944.000000
194951776.000000
503444288.000000
272678720.000000
371187200.000000
487588480.000000
442963424.000000
326967328.000000
562762432.000000
423394944.000000
194951776.000000
503444288.000000
272678720.000000
371187200.000000
487588480.000000
340138656.000000
236884640.000000
509426496.000000
442963424.000000
326967328.000000
562762432.000000
423394944.000000
194951776.000000
503444288.000000
272678720.000000
371187200.000000
487588480.000000
340138656.000000
236884640.000000
509426496.000000
340138656.000000
236884640.000000
509426496.000000
442963424.000000
326967328.000000
562762432.000000
423394944.000000
194951776.000000
503444288.000000
272678720.000000
371187200.000000
487588480.000000
340138656.000000
236884640.000000
509426496.000000
340138656.000000
236884640.000000
509426496.000000
340138656.000000
236884640.000000
509426496.000000
442963424.000000
326967328.000000
562762432.000000
377084640.000000
260962960.000000
552443520.000000
272678720.000000
371187200.000000
487588480.000000
340138656.000000
236884640.000000
509426496.000000
340138656.000000
236884640.000000
509426496.000000
340138656.000000
236884640.000000
509426496.000000
340138656.000000
236884640.000000
509426496.000000
475430144.000000
465225856.000000
544467712.000000
162514304.000000
15989696.000000
189055360.000000
-6714720.000000
184588896.000000
233670720.000000
22764992.000000
119376016.000000
240933280.000000
22764992.000000
119376016.000000
240933280.000000
22764992.000000
119376016.000000
240933280.000000
22764992.000000
119376016.000000
240933280.000000
113939760.000000
180340112.000000
248269168.000000
160655936.000000
291554432.000000
273875904.000000
131446528.000000
92929904.000000
354997376.000000
100494928.000000
148822496.000000
317892448.000000
353743616.000000
323498880.000000
280281344.000000
293055904.000000
386220416.000000
250534496.000000
367956512.000000
172465344.000000
315799296.000000
220338176.000000
305742080.000000
228734528.000000
357961408.000000
297675648.000000
323813760.000000
367956512.000000
172465344.000000
315799296.000000
220338176.000000
305742080.000000
228734528.000000
285243776.000000
217197248.000000
302013920.000000
357961408.000000
297675648.000000
323813760.000000
367956512.000000
172465344.000000
315799296.000000
220338176.000000
305742080.000000
228734528.000000
285243776.000000
217197248.000000
302013920.000000
285243776.000000
217197248.000000
302013920.000000
357961408.000000
297675648.000000
323813760.000000
367956512.000000
172465344.000000
315799296.000000
220338176.000000
305742080.000000
228734528.000000
285243776.000000
217197248.000000
302013920.000000
285243776.000000
217197248.000000
302013920.000000
285243776.000000
217197248.000000
302013920.000000
357961408.000000
297675648.000000
323813760.000000
592502656.000000
1020525184.000000
596192384.000000
220338176.000000
305742080.000000
228734528.000000
285243776.000000
217197248.000000
302013920.000000
285243776.000000
217197248.000000
302013920.000000
285243776.000000
217197248.000000
302013920.000000
285243776.000000
217197248.000000
302013920.000000
424981216.000000
525898848.000000
315169952.000000
100055040.000000
-20785664.000000
67127744.000000
-50214784.000000
131651392.000000
78367040.000000
-26492064.000000
94736864.000000
106365120.000000
-26492064.000000
94736864.000000
106365120.000000
-26492064.000000
94736864.000000
106365120.000000
-26492064.000000
94736864.000000
106365120.000000
45679280.000000
151156960.000000
81492672.000000
135367632.000000
289060928.000000
189073280.000000
108520320.000000
69245840.000000
305509312.000000
79293840.000000
127390984.000000
259523968.000000
393159904.000000
354911136.000000
294416928.000000
334077664.000000
419548352.000000
257263840.000000
385587520.000000
221456432.000000
342761184.000000
288171456.000000
344859968.000000
256326048.000000
352072896.000000
342904960.000000
287275296.000000
385587520.000000
221456432.000000
342761184.000000
288171456.000000
344859968.000000
256326048.000000
306166720.000000
268216592.000000
286337472.000000
352072896.000000
342904960.000000
287275296.000000
385587520.000000
221456432.000000
342761184.000000
288171456.000000
344859968.000000
256326048.000000
306166720.000000
268216592.000000
286337472.000000
306166720.000000
268216592.000000
286337472.000000
352072896.000000
342904960.000000
287275296.000000
385587520.000000
221456432.000000
342761184.000000
288171456.000000
344859968.000000
256326048.000000
306166720.000000
268216592.000000
286337472.000000
306166720.000000
268216592.000000
286337472.000000
306166720.000000
268216592.000000
286337472.000000
352072896.000000
342904960.000000
287275296.000000
825256320.000000
1691156992.000000
807417344.000000
288171456.000000
344859968.000000
256326048.000000
306166720.000000
268216592.000000
286337472.000000
306166720.000000
268216592.000000
286337472.000000
306166720.000000
268216592.000000
286337472.000000
306166720.000000
268216592.000000
286337472.000000
469644992.000000
666342336.000000
339479168.000000
106257856.000000
4235264.000000
111696064.000000
-19505248.000000
131868008.000000
77645504.000000
-28417568.000000
110151344.000000
73393648.000000
-28417568.000000
110151344.000000
73393648.000000
-28417568.000000
110151344.000000
73393648.000000
-28417568.000000
110151344.000000
73393648.000000
50506448.000000
188314624.000000
89595440.000000
152347552.000000
322297536.000000
208278176.000000
112839152.000000
71148592.000000
318459168.000000
81101256.000000
128775872.000000
259523968.000000
393159904.000000
354911136.000000
294416928.000000
334077664.000000
419548352.000000
257263840.000000
385587520.000000
221456432.000000
342761184.000000
288171456.000000
344859968.000000
256326048.000000
352072896.000000
342904960.000000
287275296.000000
385587520.000000
221456432.000000
342761184.000000
288171456.000000
344859968.000000
256326048.000000
306166720.000000
268216592.000000
286337472.000000
352072896.000000
342904960.000000
287275296.000000
385587520.000000
221456432.000000
342761184.000000
288171456.000000
344859968.000000
256326048.000000
306166720.000000
268216592.000000
286337472.000000
306166720.000000
268216592.000000
286337472.000000
352072896.000000
342904960.000000
287275296.000000
385587520.000000
221456432.000000
342761184.000000
288171456.000000
344859968.000000
256326048.000000
306166720.000000
268216592.000000
286337472.000000
306166720.000000
268216592.000000
286337472.000000
306166720.000000
268216592.000000
286337472.000000
352072896.000000
342904960.000000
287275296.000000
825256320.000000
1691156992.000000
807417344.000000
288171456.000000
344859968.000000
256326048.000000
306166720.000000
268216592.000000
286337472.000000
306166720.000000
268216592.000000
286337472.000000
306166720.000000
268216592.000000
286337472.000000
306166720.000000
268216592.000000
286337472.000000
469644992.000000
666342336.000000
339479168.000000
106257856.000000
4235264.000000
111696064.000000
-19505248.000000
131868008.000000
77645504.000000
-28417568.000000
110151344.000000
73393648.000000
-28417568.000000
110151344.000000
73393648.000000
-28417568.000000
110151344.000000
73393648.000000
-28417568.000000
110151344.000000
73393648.000000
50506448.000000
188314624.000000
89595440.000000
152347552.000000
322297536.000000
208278176.000000
112839152.000000
71148592.000000
318459168.000000
81101256.000000
128775872.000000
259523968.000000
395097184.000000
356848480.000000
301458176.000000
337902016.000000
423206080.000000
266656672.000000
388751520.000000
224360080.000000
353056352.000000
292571328.000000
349041152.000000
267062560.000000
356932224.000000
347337216.000000
299445440.000000
388751520.000000
224360080.000000
353056352.000000
292571328.000000
349041152.000000
267062560.000000
311601536.000000
273172288.000000
299851296.000000
356932224.000000
347337216.000000
299445440.000000
388751520.000000
224360080.000000
353056352.000000
292571328.000000
349041152.000000
267062560.000000
311601536.000000
273172288.000000
299851296.000000
311601536.000000
273172288.000000
299851296.000000
356932224.000000
347337216.000000
299445440.000000
388751520.000000
224360080.000000
353056352.000000
292571328.000000
349041152.000000
267062560.000000
311601536.000000
273172288.000000
299851296.000000
311601536.000000
273172288.000000
299851296.000000
311601536.000000
273172288.000000
299851296.000000
356932224.000000
347337216.000000
299445440.000000
655715392.000000
1227485440.000000
647465344.000000
292571328.000000
349041152.000000
267062560.000000
311601536.000000
273172288.000000
299851296.000000
311601536.000000
273172288.000000
299851296.000000
311601536.000000
273172288.000000
299851296.000000
311601536.000000
273172288.000000
299851296.000000
466514368.000000
651998400.000000
345635616.000000
115039424.000000
9094784.000000
123851072.000000
-16688384.000000
134466144.000000
83118960.000000
-25220736.000000
113212752.000000
80248448.000000
-25220736.000000
113212752.000000
80248448.000000
-25220736.000000
113212752.000000
80248448.000000
-25220736.000000
113212752.000000
80248448.000000
51854064.000000
189977792.000000
95691168.000000
154753200.000000
322704064.000000
212440528.000000
114198520.000000
72102672.000000
319685376.000000
82536568.000000
129910320.000000
261616784.000000
395240320.000000
355741664.000000
298958144.000000
336105696.000000
420326464.000000
261422208.000000
388557280.000000
224176304.000000
350722624.000000
290640640.000000
346079296.000000
261660704.000000
354781920.000000
345614048.000000
294499712.000000
388557280.000000
224176304.000000
350722624.000000
290640640.000000
346079296.000000
261660704.000000
309316864.000000
271366848.000000
294738208.000000
354781920.000000
345614048.000000
294499712.000000
388557280.000000
224176304.000000
350722624.000000
290640640.000000
346079296.000000
261660704.000000
309316864.000000
271366848.000000
294738208.000000
309316864.000000
271366848.000000
294738208.000000
354781920.000000
345614048.000000
294499712.000000
388557280.000000
224176304.000000
350722624.000000
290640640.000000
346079296.000000
261660704.000000
309316864.000000
271366848.000000
294738208.000000
309316864.000000
271366848.000000
294738208.000000
309316864.000000
271366848.000000
294738208.000000
354781920.000000
345614048.000000
294499712.000000
496681728.000000
794309568.000000
487808864.000000
290640640.000000
346079296.000000
261660704.000000
309316864.000000
271366848.000000
294738208.000000
309316864.000000
271366848.000000
294738208.000000
309316864.000000
271366848.000000
294738208.000000
309316864.000000
271366848.000000
294738208.000000
456196032.000000
632097536.000000
335196096.000000
120972768.000000
11498240.000000
125787648.000000
-18333696.000000
133456232.000000
81359808.000000
-26918176.000000
112900736.000000
78850400.000000
-26918176.000000
112900736.000000
78850400.000000
-26918176.000000
112900736.000000
78850400.000000
-26918176.000000
112900736.000000
78850400.000000
48241728.000000
188210304.000000
93833296.000000
152583424.000000
319815552.000000
210848800.000000
115332480.000000
72801264.000000
319907232.000000
82892288.000000
130286616.000000
262314368.000000
395240320.000000
355741664.000000
298958144.000000
336105696.000000
420326464.000000
261422208.000000
388557280.000000
224176304.000000
350722624.000000
290640640.000000
346079296.000000
261660704.000000
354781920.000000
345614048.000000
294499712.000000
388557280.000000
224176304.000000
350722624.000000
290640640.000000
346079296.000000
261660704.000000
309316864.000000
271366848.000000
294738208.000000
354781920.000000
345614048.000000
294499712.000000
388557280.000000
224176304.000000
350722624.000000
290640640.000000
346079296.000000
261660704.000000
309316864.000000
271366848.000000
294738208.000000
309316864.000000
271366848.000000
294738208.000000
354781920.000000
345614048.000000
294499712.000000
388557280.000000
224176304.000000
350722624.000000
290640640.000000
346079296.000000
261660704.000000
309316864.000000
271366848.000000
294738208.000000
309316864.000000
271366848.000000
294738208.000000
309316864.000000
271366848.000000
294738208.000000
354781920.000000
345614048.000000
294499712.000000
459187968.000000
689493760.000000
450259584.000000
290640640.000000
346079296.000000
261660704.000000
309316864.000000
271366848.000000
294738208.000000
309316864.000000
271366848.000000
294738208.000000
309316864.000000
271366848.000000
294738208.000000
309316864.000000
271366848.000000
294738208.000000
454909824.000000
631976704.000000
334647552.000000
121952224.000000
11095808.000000
127442688.000000
-18333696.000000
133456232.000000
81359808.000000
-26918176.000000
112900736.000000
78850400.000000
-26918176.000000
112900736.000000
78850400.000000
-26918176.000000
112900736.000000
78850400.000000
-26918176.000000
112900736.000000
78850400.000000
48241728.000000
188210304.000000
93833296.000000
151569072.000000
318597696.000000
210637152.000000
116004936.000000
73239568.000000
320251008.000000
83323704.000000
130664184.000000
263011984.000000
397224928.000000
357726336.000000
306125664.000000
340017728.000000
424071872.000000
271048608.000000
391792288.000000
227150960.000000
361207200.000000
295139968.000000
350359936.000000
272662400.000000
359752576.000000
350157632.000000
306966560.000000
391792288.000000
227150960.000000
361207200.000000
295139968.000000
350359936.000000
272662400.000000
314874848.000000
276445696.000000
308580352.000000
359752576.000000
350157632.000000
306966560.000000
391792288.000000
227150960.000000
361207200.000000
295139968.000000
350359936.000000
272662400.000000
314874848.000000
276445696.000000
308580352.000000
314874848.000000
276445696.000000
308580352.000000
359752576.000000
350157632.000000
306966560.000000
391792288.000000
227150960.000000
361207200.000000
295139968.000000
350359936.000000
272662400.000000
314874848.000000
276445696.000000
308580352.000000
314874848.000000
276445696.000000
308580352.000000
314874848.000000
276445696.000000
308580352.000000
359752576.000000
350157632.000000
306966560.000000
433568256.000000
611814208.000000
430073344.000000
295139968.000000
350359936.000000
272662400.000000
314874848.000000
276445696.000000
308580352.000000
314874848.000000
276445696.000000
308580352.000000
314874848.000000
276445696.000000
308580352.000000
314874848.000000
276445696.000000
308580352.000000
452269632.000000
619512192.000000
341362432.000000
129268512.000000
17490304.000000
135927104.000000
-15455264.000000
136115936.000000
86997376.000000
-23645536.000000
116037936.000000
85907216.000000
-23645536.000000
116037936.000000
85907216.000000
-23645536.000000
116037936.000000
85907216.000000
-23645536.000000
116037936.000000
85907216.000000
49651136.000000
189867104.000000
100119056.000000
153531056.000000
319144416.000000
213283936.000000
116674000.000000
73674928.000000
320593632.000000
83752376.000000
131041736.000000
263709584.000000
397344416.000000
356595872.000000
303562464.000000
338181152.000000
421152000.000000
265706752.000000
391569664.000000
226938800.000000
358797696.000000
293166688.000000
347355424.000000
267146912.000000
357557312.000000
348389504.000000
301900832.000000
391569664.000000
226938800.000000
358797696.000000
293166688.000000
347355424.000000
267146912.000000
312542880.000000
274592896.000000
303340928.000000
357557312.000000
348389504.000000
301900832.000000
391569664.000000
226938800.000000
358797696.000000
293166688.000000
347355424.000000
267146912.000000
312542880.000000
274592896.000000
303340928.000000
312542880.000000
274592896.000000
303340928.000000
357557312.000000
348389504.000000
301900832.000000
391569664.000000
226938800.000000
358797696.000000
293166688.000000
347355424.000000
267146912.000000
312542880.000000
274592896.000000
303340928.000000
312542880.000000
274592896.000000
303340928.000000
312542880.000000
274592896.000000
303340928.000000
357557312.000000
348389504.000000
301900832.000000
411493504.000000
549296960.000000
406659712.000000
293166688.000000
347355424.000000
267146912.000000
312542880.000000
274592896.000000
303340928.000000
312542880.000000
274592896.000000
303340928.000000
312542880.000000
274592896.000000
303340928.000000
312542880.000000
274592896.000000
303340928.000000
445328128.000000
603031936.000000
332874240.000000
134190752.000000
22287808.000000
137940864.000000
-17110080.000000
135096544.000000
85212992.000000
-25352480.000000
115716448.000000
84483888.000000
-25352480.000000
115716448.000000
84483888.000000
-25352480.000000
115716448.000000
84483888.000000
-25352480.000000
115716448.000000
84483888.000000
46020448.000000
188015360.000000
98226288.000000
152872992.000000
317931264.000000
213082208.000000
117339656.000000
74107376.000000
320935072.000000
84178376.000000
131419336.000000
264407184.000000
397344416.000000
356595872.000000
303562464.000000
338181152.000000
421152000.000000
265706752.000000
391569664.000000
226938800.000000
358797696.000000
293166688.000000
347355424.000000
267146912.000000
357557312.000000
348389504.000000
301900832.000000
391569664.000000
226938800.000000
358797696.000000
293166688.000000
347355424.000000
267146912.000000
312542880.000000
274592896.000000
303340928.000000
357557312.000000
348389504.000000
301900832.000000
391569664.000000
226938800.000000
358797696.000000
293166688.000000
347355424.000000
267146912.000000
312542880.000000
274592896.000000
303340928.000000
312542880.000000
274592896.000000
303340928.000000
357557312.000000
348389504.000000
301900832.000000
391569664.000000
226938800.000000
358797696.000000
293166688.000000
347355424.000000
267146912.000000
312542880.000000
274592896.000000
303340928.000000
312542880.000000
274592896.000000
303340928.000000
312542880.000000
274592896.000000
303340928.000000
357557312.000000
348389504.000000
301900832.000000
394273888.000000
498715456.000000
389023296.000000
293166688.000000
347355424.000000
267146912.000000
312542880.000000
274592896.000000
303340928.000000
312542880.000000
274592896.000000
303340928.000000
312542880.000000
274592896.000000
303340928.000000
312542880.000000
274592896.000000
303340928.000000
444102272.000000
602924032.000000
332352032.000000
135195200.000000
22338688.000000
139649408.000000
-17110080.000000
135096544.000000
85212992.000000
-25352480.000000
115716448.000000
84483888.000000
-25352480.000000
115716448.000000
84483888.000000
-25352480.000000
115716448.000000
84483888.000000
-25352480.000000
115716448.000000
84483888.000000
46020448.000000
188015360.000000
98226288.000000
151887392.000000
316752064.000000
212885280.000000
118002008.000000
74536960.000000
321275424.000000
84601712.000000
131796928.000000
265104768.000000
397344416.000000
356595872.000000
303562464.000000
338181152.000000
421152000.000000
265706752.000000
391569664.000000
226938800.000000
358797696.000000
293166688.000000
347355424.000000
267146912.000000
357557312.000000
348389504.000000
301900832.000000
391569664.000000
226938800.000000
358797696.000000
293166688.000000
347355424.000000
267146912.000000
312542880.000000
274592896.000000
303340928.000000
357557312.000000
348389504.000000
301900832.000000
391569664.000000
226938800.000000
358797696.000000
293166688.000000
347355424.000000
267146912.000000
312542880.000000
274592896.000000
303340928.000000
312542880.000000
274592896.000000
303340928.000000
357557312.000000
348389504.000000
301900832.000000
391569664.000000
226938800.000000
358797696.000000
293166688.000000
347355424.000000
267146912.000000
312542880.000000
274592896.000000
303340928.000000
312542880.000000
274592896.000000
303340928.000000
312542880.000000
274592896.000000
303340928.000000
357557312.000000
348389504.000000
301900832.000000
405315712.000000
530222752.000000
398350592.000000
293166688.000000
347355424.000000
267146912.000000
312542880.000000
274592896.000000
303340928.000000
312542880.000000
274592896.000000
303340928.000000
312542880.000000
274592896.000000
303340928.000000
312542880.000000
274592896.000000
303340928.000000
443222784.000000
601892160.000000
331557696.000000
134063680.000000
21590272.000000
135854464.000000
-17110080.000000
135096544.000000
85212992.000000
-25352480.000000
115716448.000000
84483888.000000
-25352480.000000
115716448.000000
84483888.000000
-25352480.000000
115716448.000000
84483888.000000
-25352480.000000
115716448.000000
84483888.000000
46020448.000000
188015360.000000
98226288.000000
151505360.000000
316781312.000000
211263232.000000
117332584.000000
74036304.000000
320399072.000000
83611864.000000
131039952.000000
263709600.000000
440064800.000000
396526752.000000
308111296.000000
363765632.000000
461605440.000000
233079840.000000
419188576.000000
254181424.000000
347280512.000000
332761536.000000
387481152.000000
257993984.000000
368908928.000000
386221696.000000
251611488.000000
419188576.000000
254181424.000000
347280512.000000
332761536.000000
387481152.000000
257993984.000000
337904928.000000
312097408.000000
276525600.000000
368908928.000000
386221696.000000
251611488.000000
419188576.000000
254181424.000000
347280512.000000
332761536.000000
387481152.000000
257993984.000000
337904928.000000
312097408.000000
276525600.000000
337904928.000000
312097408.000000
276525600.000000
368908928.000000
386221696.000000
251611488.000000
419188576.000000
254181424.000000
347280512.000000
332761536.000000
387481152.000000
257993984.000000
337904928.000000
312097408.000000
276525600.000000
337904928.000000
312097408.000000
276525600.000000
337904928.000000
312097408.000000
276525600.000000
368908928.000000
386221696.000000
251611488.000000
402843072.000000
513827328.000000
335057568.000000
332761536.000000
387481152.000000
257993984.000000
337904928.000000
312097408.000000
276525600.000000
337904928.000000
312097408.000000
276525600.000000
337904928.000000
312097408.000000
276525600.000000
337904928.000000
312097408.000000
276525600.000000
458187936.000000
648169088.000000
277033984.000000
142148576.000000
32492096.000000
112539328.000000
-16139712.000000
143264832.000000
67085856.000000
-38935360.000000
123859184.000000
47304736.000000
-38935360.000000
123859184.000000
47304736.000000
-38935360.000000
123859184.000000
47304736.000000
-38935360.000000
123859184.000000
47304736.000000
19928768.000000
193284320.000000
40885680.000000
147685008.000000
329610592.000000
155275968.000000
99266544.000000
50116352.000000
268453344.000000
67267072.000000
111805792.000000
208553392.000000
529225408.000000
479579552.000000
400184608.000000
439290496.000000
545011968.000000
311846720.000000
472653568.000000
307832064.000000
395709952.000000
420745984.000000
469249984.000000
356957728.000000
401541472.000000
447425856.000000
261977984.000000
472653568.000000
307832064.000000
395709952.000000
420745984.000000
469249984.000000
356957728.000000
382997024.000000
371663808.000000
307088992.000000
401541472.000000
447425856.000000
261977984.000000
472653568.000000
307832064.000000
395709952.000000
420745984.000000
469249984.000000
356957728.000000
382997024.000000
371663808.000000
307088992.000000
382997024.000000
371663808.000000
307088992.000000
401541472.000000
447425856.000000
261977984.000000
472653568.000000
307832064.000000
395709952.000000
420745984.000000
469249984.000000
356957728.000000
382997024.000000
371663808.000000
307088992.000000
382997024.000000
371663808.000000
307088992.000000
382997024.000000
371663808.000000
307088992.000000
401541472.000000
447425856.000000
261977984.000000
380774720.000000
372916832.000000
282443200.000000
420745984.000000
469249984.000000
356957728.000000
382997024.000000
371663808.000000
307088992.000000
382997024.000000
371663808.000000
307088992.000000
382997024.000000
371663808.000000
307088992.000000
382997024.000000
371663808.000000
307088992.000000
477176128.000000
673803904.000000
281493504.000000
208414304.000000
91857216.000000
195132320.000000
7865952.000000
169796880.000000
112643248.000000
-44083744.000000
144595360.000000
44828672.000000
-44083744.000000
144595360.000000
44828672.000000
-44083744.000000
144595360.000000
44828672.000000
-44083744.000000
144595360.000000
44828672.000000
6691744.000000
215604000.000000
45998432.000000
169944336.000000
366068096.000000
184694880.000000
111488736.000000
54769632.000000
286635584.000000
73121320.000000
114689448.000000
212069856.000000
537125952.000000
487482560.000000
430776864.000000
455931520.000000
560799616.000000
352141568.000000
485763328.000000
319626880.000000
440099424.000000
440782912.000000
488178848.000000
405340640.000000
422822880.000000
466534400.000000
314735392.000000
485763328.000000
319626880.000000
440099424.000000
440782912.000000
488178848.000000
405340640.000000
407674272.000000
393913600.000000
367934400.000000
422822880.000000
466534400.000000
314735392.000000
485763328.000000
319626880.000000
440099424.000000
440782912.000000
488178848.000000
405340640.000000
407674272.000000
393913600.000000
367934400.000000
407674272.000000
393913600.000000
367934400.000000
422822880.000000
466534400.000000
314735392.000000
485763328.000000
319626880.000000
440099424.000000
440782912.000000
488178848.000000
405340640.000000
407674272.000000
393913600.000000
367934400.000000
407674272.000000
393913600.000000
367934400.000000
407674272.000000
393913600.000000
367934400.000000
422822880.000000
466534400.000000
314735392.000000
376169952.000000
306547968.000000
297673984.000000
440782912.000000
488178848.000000
405340640.000000
407674272.000000
393913600.000000
367934400.000000
407674272.000000
393913600.000000
367934400.000000
407674272.000000
393913600.000000
367934400.000000
407674272.000000
393913600.000000
367934400.000000
468111872.000000
630907904.000000
302575168.000000
239723360.000000
113700928.000000
223637088.000000
20592608.000000
181415328.000000
136254000.000000
-29828640.000000
158164384.000000
74380000.000000
-29828640.000000
158164384.000000
74380000.000000
-29828640.000000
158164384.000000
74380000.000000
-29828640.000000
158164384.000000
74380000.000000
2437536.000000
213448608.000000
60817248.000000
166630304.000000
358657472.000000
187369024.000000
117348768.000000
58395376.000000
289150112.000000
75876208.000000
116839128.000000
215586320.000000
540506880.000000
484532992.000000
425221440.000000
449889920.000000
549259392.000000
333771712.000000
485388064.000000
319309184.000000
429920064.000000
434510016.000000
476681248.000000
387328480.000000
412531008.000000
458396544.000000
291277120.000000
485388064.000000
319309184.000000
429920064.000000
434510016.000000
476681248.000000
387328480.000000
397151104.000000
385818400.000000
344833856.000000
412531008.000000
458396544.000000
291277120.000000
485388064.000000
319309184.000000
429920064.000000
434510016.000000
476681248.000000
387328480.000000
397151104.000000
385818400.000000
344833856.000000
397151104.000000
385818400.000000
344833856.000000
412531008.000000
458396544.000000
291277120.000000
485388064.000000
319309184.000000
429920064.000000
434510016.000000
476681248.000000
387328480.000000
397151104.000000
385818400.000000
344833856.000000
397151104.000000
385818400.000000
344833856.000000
397151104.000000
385818400.000000
344833856.000000
412531008.000000
458396544.000000
291277120.000000
373871904.000000
287703040.000000
283705920.000000
434510016.000000
476681248.000000
387328480.000000
397151104.000000
385818400.000000
344833856.000000
397151104.000000
385818400.000000
344833856.000000
397151104.000000
385818400.000000
344833856.000000
397151104.000000
385818400.000000
344833856.000000
451564352.000000
605928448.000000
281928384.000000
250381120.000000
120734016.000000
223293984.000000
13718784.000000
177760960.000000
131240976.000000
-38241728.000000
156770720.000000
67795904.000000
-38241728.000000
156770720.000000
67795904.000000
-38241728.000000
156770720.000000
67795904.000000
-38241728.000000
156770720.000000
67795904.000000
-8308128.000000
208901744.000000
56247360.000000
159926864.000000
352277824.000000
182699648.000000
119518856.000000
59592784.000000
289041440.000000
75564784.000000
116810976.000000
215586336.000000
540506880.000000
484532992.000000
425221440.000000
449889920.000000
549259392.000000
333771712.000000
485388064.000000
319309184.000000
429920064.000000
434510016.000000
476681248.000000
387328480.000000
412531008.000000
458396544.000000
291277120.000000
485388064.000000
319309184.000000
429920064.000000
434510016.000000
476681248.000000
387328480.000000
397151104.000000
385818400.000000
344833856.000000
412531008.000000
458396544.000000
291277120.000000
485388064.000000
319309184.000000
429920064.000000
434510016.000000
476681248.000000
387328480.000000
397151104.000000
385818400.000000
344833856.000000
397151104.000000
385818400.000000
344833856.000000
412531008.000000
458396544.000000
291277120.000000
485388064.000000
319309184.000000
429920064.000000
434510016.000000
476681248.000000
387328480.000000
397151104.000000
385818400.000000
344833856.000000
397151104.000000
385818400.000000
344833856.000000
397151104.000000
385818400.000000
344833856.000000
412531008.000000
458396544.000000
291277120.000000
373871904.000000
287703040.000000
283705920.000000
434510016.000000
476681248.000000
387328480.000000
397151104.000000
385818400.000000
344833856.000000
397151104.000000
385818400.000000
344833856.000000
397151104.000000
385818400.000000
344833856.000000
397151104.000000
385818400.000000
344833856.000000
451564352.000000
605928448.000000
281928384.000000
250381120.000000
120734016.000000
223293984.000000
13718784.000000
177760960.000000
131240976.000000
-38241728.000000
156770720.000000
67795904.000000
-38241728.000000
156770720.000000
67795904.000000
-38241728.000000
156770720.000000
67795904.000000
-38241728.000000
156770720.000000
67795904.000000
-8308128.000000
208901744.000000
56247360.000000
159926864.000000
352277824.000000
182699648.000000
119518856.000000
59592784.000000
289041440.000000
75564784.000000
116810976.000000
215586336.000000
604131072.000000
544470336.000000
472822208.000000
507765376.000000
627417280.000000
366504320.000000
547857472.000000
355822144.000000
477644000.000000
488293216.000000
541611392.000000
422543072.000000
471891872.000000
521121568.000000
318448544.000000
547857472.000000
355822144.000000
477644000.000000
488293216.000000
541611392.000000
422543072.000000
452419744.000000
435315648.000000
374487264.000000
471891872.000000
521121568.000000
318448544.000000
547857472.000000
355822144.000000
477644000.000000
488293216.000000
541611392.000000
422543072.000000
452419744.000000
435315648.000000
374487264.000000
452419744.000000
435315648.000000
374487264.000000
471891872.000000
521121568.000000
318448544.000000
547857472.000000
355822144.000000
477644000.000000
488293216.000000
541611392.000000
422543072.000000
452419744.000000
435315648.000000
374487264.000000
452419744.000000
435315648.000000
374487264.000000
452419744.000000
435315648.000000
374487264.000000
471891872.000000
521121568.000000
318448544.000000
432382208.000000
296357952.000000
326434048.000000
488293216.000000
541611392.000000
422543072.000000
452419744.000000
435315648.000000
374487264.000000
452419744.000000
435315648.000000
374487264.000000
452419744.000000
435315648.000000
374487264.000000
452419744.000000
435315648.000000
374487264.000000
502562784.000000
641735296.000000
313417344.000000
318312896.000000
160477568.000000
268386208.000000
16017760.000000
200040432.000000
132318720.000000
-42052096.000000
172008304.000000
59115648.000000
-42052096.000000
172008304.000000
59115648.000000
-42052096.000000
172008304.000000
59115648.000000
-42052096.000000
172008304.000000
59115648.000000
-23412224.000000
216502896.000000
42183296.000000
162355728.000000
364780672.000000
146432832.000000
117924608.000000
45438672.000000
254338272.000000
70410064.000000
104276416.000000
174450496.000000
689645888.000000
626031936.000000
517785408.000000
572340544.000000
712035200.000000
403464832.000000
615948928.000000
400084512.000000
511032128.000000
546984320.000000
612036096.000000
460225344.000000
523645312.000000
583059328.000000
337940800.000000
615948928.000000
400084512.000000
511032128.000000
546984320.000000
612036096.000000
460225344.000000
498289056.000000
483060224.000000
394701376.000000
523645312.000000
583059328.000000
337940800.000000
615948928.000000
400084512.000000
511032128.000000
546984320.000000
612036096.000000
460225344.000000
498289056.000000
483060224.000000
394701376.000000
498289056.000000
483060224.000000
394701376.000000
523645312.000000
583059328.000000
337940800.000000
615948928.000000
400084512.000000
511032128.000000
546984320.000000
612036096.000000
460225344.000000
498289056.000000
483060224.000000
394701376.000000
498289056.000000
483060224.000000
394701376.000000
498289056.000000
483060224.000000
394701376.000000
523645312.000000
583059328.000000
337940800.000000
508564640.000000
321739712.000000
354228864.000000
546984320.000000
612036096.000000
460225344.000000
498289056.000000
483060224.000000
394701376.000000
498289056.000000
483060224.000000
394701376.000000
498289056.000000
483060224.000000
394701376.000000
498289056.000000
483060224.000000
394701376.000000
540182272.000000
661233152.000000
331885248.000000
424279104.000000
233867904.000000
360949248.000000
8723584.000000
220483248.000000
143366848.000000
-58722624.000000
186678656.000000
54614656.000000
-58722624.000000
186678656.000000
54614656.000000
-58722624.000000
186678656.000000
54614656.000000
-58722624.000000
186678656.000000
54614656.000000
-52152992.000000
221530544.000000
42980288.000000
167525632.000000
389122368.000000
167260928.000000
139465616.000000
52959968.000000
272456864.000000
77893408.000000
106559744.000000
177216416.000000
699735808.000000
636125056.000000
557067968.000000
593630784.000000
732216192.000000
454935936.000000
632720640.000000
415147776.000000
568010240.000000
572633088.000000
636245056.000000
522061824.000000
550873792.000000
607464064.000000
405361728.000000
632720640.000000
415147776.000000
568010240.000000
572633088.000000
636245056.000000
522061824.000000
529876224.000000
511493024.000000
472487744.000000
550873792.000000
607464064.000000
405361728.000000
632720640.000000
415147776.000000
568010240.000000
572633088.000000
636245056.000000
522061824.000000
529876224.000000
511493024.000000
472487744.000000
529876224.000000
511493024.000000
472487744.000000
550873792.000000
607464064.000000
405361728.000000
632720640.000000
415147776.000000
568010240.000000
572633088.000000
636245056.000000
522061824.000000
529876224.000000
511493024.000000
472487744.000000
529876224.000000
511493024.000000
472487744.000000
529876224.000000
511493024.000000
472487744.000000
550873792.000000
607464064.000000
405361728.000000
537905472.000000
337721632.000000
407315968.000000
572633088.000000
636245056.000000
522061824.000000
529876224.000000
511493024.000000
472487744.000000
529876224.000000
511493024.000000
472487744.000000
529876224.000000
511493024.000000
472487744.000000
529876224.000000
511493024.000000
472487744.000000
549006656.000000
649095232.000000
372329184.000000
461189376.000000
258980832.000000
397991776.000000
25022496.000000
235342096.000000
173412224.000000
-40492224.000000
204017616.000000
92233952.000000
-40492224.000000
204017616.000000
92233952.000000
-40492224.000000
204017616.000000
92233952.000000
-40492224.000000
204017616.000000
92233952.000000
-54493440.000000
220399904.000000
62960448.000000
158407104.000000
380024960.000000
169288480.000000
147619904.000000
57609984.000000
275533984.000000
80551520.000000
108684960.000000
179982336.000000
704197504.000000
632361408.000000
550034176.000000
585914368.000000
717354496.000000
431423744.000000
632343168.000000
414845280.000000
555078272.000000
564621056.000000
621444288.000000
499027776.000000
537680256.000000
597068928.000000
375358912.000000
632343168.000000
414845280.000000
555078272.000000
564621056.000000
621444288.000000
499027776.000000
516386816.000000
501158688.000000
442963008.000000
537680256.000000
597068928.000000
375358912.000000
632343168.000000
414845280.000000
555078272.000000
564621056.000000
621444288.000000
499027776.000000
516386816.000000
501158688.000000
442963008.000000
516386816.000000
501158688.000000
442963008.000000
537680256.000000
597068928.000000
375358912.000000
632343168.000000
414845280.000000
555078272.000000
564621056.000000
621444288.000000
499027776.000000
516386816.000000
501158688.000000
442963008.000000
516386816.000000
501158688.000000
442963008.000000
516386816.000000
501158688.000000
442963008.000000
537680256.000000
597068928.000000
375358912.000000
553470144.000000
348793728.000000
412033952.000000
564621056.000000
621444288.000000
499027776.000000
516386816.000000
501158688.000000
442963008.000000
516386816.000000
501158688.000000
442963008.000000
516386816.000000
501158688.000000
442963008.000000
516386816.000000
501158688.000000
442963008.000000
540767232.000000
631604352.000000
362910272.000000
496996224.000000
283045152.000000
435718176.000000
16114496.000000
230617408.000000
166961536.000000
-51386720.000000
202243872.000000
83777760.000000
-51386720.000000
202243872.000000
83777760.000000
-51386720.000000
202243872.000000
83777760.000000
-51386720.000000
202243872.000000
83777760.000000
-66072512.000000
214774448.000000
63709984.000000
149460896.000000
372094144.000000
172147520.000000
155489344.000000
62040000.000000
278520640.000000
83023424.000000
110815512.000000
182748256.000000
715495936.000000
643662208.000000
592530688.000000
609431552.000000
739765632.000000
488833536.000000
650924288.000000
431716384.000000
616874944.000000
592798080.000000
648181376.000000
567606016.000000
567737536.000000
624305792.000000
450323776.000000
650924288.000000
431716384.000000
616874944.000000
592798080.000000
648181376.000000
567606016.000000
551104128.000000
532721568.000000
529096384.000000
567737536.000000
624305792.000000
450323776.000000
650924288.000000
431716384.000000
616874944.000000
592798080.000000
648181376.000000
567606016.000000
551104128.000000
532721568.000000
529096384.000000
551104128.000000
532721568.000000
529096384.000000
567737536.000000
624305792.000000
450323776.000000
650924288.000000
431716384.000000
616874944.000000
592798080.000000
648181376.000000
567606016.000000
551104128.000000
532721568.000000
529096384.000000
551104128.000000
532721568.000000
529096384.000000
551104128.000000
532721568.000000
529096384.000000
567737536.000000
624305792.000000
450323776.000000
583820288.000000
370655584.000000
470171424.000000
592798080.000000
648181376.000000
567606016.000000
551104128.000000
532721568.000000
529096384.000000
551104128.000000
532721568.000000
529096384.000000
551104128.000000
532721568.000000
529096384.000000
551104128.000000
532721568.000000
529096384.000000
556201088.000000
631464448.000000
411716288.000000
532005792.000000
306342592.000000
474249824.000000
33978464.000000
247041296.000000
201180384.000000
-31229824.000000
221509072.000000
126533664.000000
-31229824.000000
221509072.000000
126533664.000000
-31229824.000000
221509072.000000
126533664.000000
-31229824.000000
221509072.000000
126533664.000000
-64468864.000000
217245936.000000
88333120.000000
140773120.000000
365219904.000000
175801696.000000
163097152.000000
66271632.000000
281425024.000000
85329584.000000
112950736.000000
185514176.000000
719360960.000000
639300992.000000
583895360.000000
600690816.000000
723883264.000000
462592064.000000
649828224.000000
430693760.000000
602019392.000000
583702400.000000
632296960.000000
541682496.000000
553399424.000000
612769536.000000
417270912.000000
649828224.000000
430693760.000000
602019392.000000
583702400.000000
632296960.000000
541682496.000000
536411136.000000
521183168.000000
496361408.000000
553399424.000000
612769536.000000
417270912.000000
649828224.000000
430693760.000000
602019392.000000
583702400.000000
632296960.000000
541682496.000000
536411136.000000
521183168.000000
496361408.000000
536411136.000000
521183168.000000
496361408.000000
553399424.000000
612769536.000000
417270912.000000
649828224.000000
430693760.000000
602019392.000000
583702400.000000
632296960.000000
541682496.000000
536411136.000000
521183168.000000
496361408.000000
536411136.000000
521183168.000000
496361408.000000
536411136.000000
521183168.000000
496361408.000000
553399424.000000
612769536.000000
417270912.000000
598026304.000000
383540064.000000
474406208.000000
583702400.000000
632296960.000000
541682496.000000
536411136.000000
521183168.000000
496361408.000000
536411136.000000
521183168.000000
496361408.000000
536411136.000000
521183168.000000
496361408.000000
536411136.000000
521183168.000000
496361408.000000
551263744.000000
621384192.000000
404193856.000000
566448768.000000
329091968.000000
513677312.000000
24829664.000000
242075728.000000
194087552.000000
-42365184.000000
219494496.000000
117435296.000000
-42365184.000000
219494496.000000
117435296.000000
-42365184.000000
219494496.000000
117435296.000000
-42365184.000000
219494496.000000
117435296.000000
-73513920.000000
213891984.000000
90735264.000000
132401568.000000
359308864.000000
180219488.000000
170463712.000000
70323344.000000
284254208.000000
87487632.000000
115090192.000000
188280032.000000
731866432.000000
651808256.000000
629604736.000000
626435072.000000
748523648.000000
525940608.000000
670217664.000000
449372064.000000
668633728.000000
614407680.000000
661562304.000000
617002496.000000
586285824.000000
642837632.000000
499779776.000000
670217664.000000
449372064.000000
668633728.000000
614407680.000000
661562304.000000
617002496.000000
574258496.000000
555876224.000000
590841728.000000
586285824.000000
642837632.000000
499779776.000000
670217664.000000
449372064.000000
668633728.000000
614407680.000000
661562304.000000
617002496.000000
574258496.000000
555876224.000000
590841728.000000
574258496.000000
555876224.000000
590841728.000000
586285824.000000
642837632.000000
499779776.000000
670217664.000000
449372064.000000
668633728.000000
614407680.000000
661562304.000000
617002496.000000
574258496.000000
555876224.000000
590841728.000000
574258496.000000
555876224.000000
590841728.000000
574258496.000000
555876224.000000
590841728.000000
586285824.000000
642837632.000000
499779776.000000
628588800.000000
407762240.000000
536487520.000000
614407680.000000
661562304.000000
617002496.000000
574258496.000000
555876224.000000
590841728.000000
574258496.000000
555876224.000000
590841728.000000
574258496.000000
555876224.000000
590841728.000000
574258496.000000
555876224.000000
590841728.000000
571350144.000000
629096192.000000
460190272.000000
600503488.000000
351465664.000000
554069952.000000
44258688.000000
260064656.000000
232480000.000000
-20282176.000000
240685904.000000
165327808.000000
-20282176.000000
240685904.000000
165327808.000000
-20282176.000000
240685904.000000
165327808.000000
-20282176.000000
240685904.000000
165327808.000000
-68575616.000000
219496352.000000
119811680.000000
124384992.000000
354280832.000000
185373920.000000
177606784.000000
74211312.000000
287014272.000000
89512608.000000
117233440.000000
191045936.000000
735133056.000000
646848128.000000
619366592.000000
616670400.000000
731619584.000000
496969984.000000
668401856.000000
447628480.000000
651853632.000000
604228608.000000
644594240.000000
588189696.000000
570803328.000000
630159232.000000
463676672.000000
668401856.000000
447628480.000000
651853632.000000
604228608.000000
644594240.000000
588189696.000000
558361472.000000
543133888.000000
554896256.000000
570803328.000000
630159232.000000
463676672.000000
668401856.000000
447628480.000000
651853632.000000
604228608.000000
644594240.000000
588189696.000000
558361472.000000
543133888.000000
554896256.000000
558361472.000000
543133888.000000
554896256.000000
570803328.000000
630159232.000000
463676672.000000
668401856.000000
447628480.000000
651853632.000000
604228608.000000
644594240.000000
588189696.000000
558361472.000000
543133888.000000
554896256.000000
558361472.000000
543133888.000000
554896256.000000
558361472.000000
543133888.000000
554896256.000000
570803328.000000
630159232.000000
463676672.000000
641129152.000000
420481280.000000
539636608.000000
604228608.000000
644594240.000000
588189696.000000
558361472.000000
543133888.000000
554896256.000000
558361472.000000
543133888.000000
554896256.000000
558361472.000000
543133888.000000
554896256.000000
558361472.000000
543133888.000000
554896256.000000
568301824.000000
623440896.000000
453729856.000000
634310912.000000
373600448.000000
595481920.000000
34869088.000000
254858304.000000
224744992.000000
-31658368.000000
238430576.000000
155587360.000000
-31658368.000000
238430576.000000
155587360.000000
-31658368.000000
238430576.000000
155587360.000000
-31658368.000000
238430576.000000
155587360.000000
-75613056.000000
217995824.000000
123701056.000000
116748416.000000
350067008.000000
191241216.000000
184541936.000000
77949536.000000
289710656.000000
91417664.000000
119380080.000000
193811904.000000
753340800.000000
664485952.000000
677639872.000000
653080768.000000
772794624.000000
597059392.000000
710947840.000000
446822464.000000
729956544.000000
600657600.000000
660131008.000000
634790144.000000
634026304.000000
645397120.000000
576120000.000000
710947840.000000
446822464.000000
729956544.000000
600657600.000000
660131008.000000
634790144.000000
581603008.000000
532733568.000000
613850496.000000
634026304.000000
645397120.000000
576120000.000000
710947840.000000
446822464.000000
729956544.000000
600657600.000000
660131008.000000
634790144.000000
581603008.000000
532733568.000000
613850496.000000
581603008.000000
532733568.000000
613850496.000000
634026304.000000
645397120.000000
576120000.000000
710947840.000000
446822464.000000
729956544.000000
600657600.000000
660131008.000000
634790144.000000
581603008.000000
532733568.000000
613850496.000000
581603008.000000
532733568.000000
613850496.000000
581603008.000000
532733568.000000
613850496.000000
634026304.000000
645397120.000000
576120000.000000
709746624.000000
442296768.000000
681812352.000000
600657600.000000
660131008.000000
634790144.000000
581603008.000000
532733568.000000
613850496.000000
581603008.000000
532733568.000000
613850496.000000
581603008.000000
532733568.000000
613850496.000000
581603008.000000
532733568.000000
613850496.000000
635239488.000000
637197056.000000
579898624.000000
669022464.000000
388001248.000000
623462848.000000
27939776.000000
268425136.000000
248710880.000000
-21084736.000000
237115680.000000
194774624.000000
-21084736.000000
237115680.000000
194774624.000000
-21084736.000000
237115680.000000
194774624.000000
-21084736.000000
237115680.000000
194774624.000000
-44658240.000000
226379456.000000
193979136.000000
109388736.000000
344723328.000000
189482624.000000
189862944.000000
78452512.000000
286773088.000000
91859744.000000
117991848.000000
189974416.000000
713001152.000000
634859520.000000
568033536.000000
612198336.000000
754423616.000000
511605120.000000
719081280.000000
413084256.000000
698186240.000000
523603200.000000
620459584.000000
507962752.000000
665748416.000000
633337856.000000
612273280.000000
719081280.000000
413084256.000000
698186240.000000
523603200.000000
620459584.000000
507962752.000000
577153280.000000
499373792.000000
608630912.000000
665748416.000000
633337856.000000
612273280.000000
719081280.000000
413084256.000000
698186240.000000
523603200.000000
620459584.000000
507962752.000000
577153280.000000
499373792.000000
608630912.000000
577153280.000000
499373792.000000
608630912.000000
665748416.000000
633337856.000000
612273280.000000
719081280.000000
413084256.000000
698186240.000000
523603200.000000
620459584.000000
507962752.000000
577153280.000000
499373792.000000
608630912.000000
577153280.000000
499373792.000000
608630912.000000
577153280.000000
499373792.000000
608630912.000000
665748416.000000
633337856.000000
612273280.000000
731321920.000000
423807296.000000
707551936.000000
523603200.000000
620459584.000000
507962752.000000
577153280.000000
499373792.000000
608630912.000000
577153280.000000
499373792.000000
608630912.000000
577153280.000000
499373792.000000
608630912.000000
577153280.000000
499373792.000000
608630912.000000
667205952.000000
628693632.000000
615821568.000000
684590400.000000
391921696.000000
636062720.000000
-29554432.000000
251425408.000000
177017120.000000
-32013824.000000
221121344.000000
199514144.000000
-32013824.000000
221121344.000000
199514144.000000
-32013824.000000
221121344.000000
199514144.000000
-32013824.000000
221121344.000000
199514144.000000
-36976448.000000
215123776.000000
198664384.000000
111479232.000000
346379232.000000
193868992.000000
192836384.000000
78967968.000000
289129600.000000
93081616.000000
117301776.000000
189965600.000000
713001152.000000
634859520.000000
568033536.000000
612198336.000000
754423616.000000
511605120.000000
719081280.000000
413084256.000000
698186240.000000
523603200.000000
620459584.000000
507962752.000000
665748416.000000
633337856.000000
612273280.000000
719081280.000000
413084256.000000
698186240.000000
523603200.000000
620459584.000000
507962752.000000
577153280.000000
499373792.000000
608630912.000000
665748416.000000
633337856.000000
612273280.000000
719081280.000000
413084256.000000
698186240.000000
523603200.000000
620459584.000000
507962752.000000
577153280.000000
499373792.000000
608630912.000000
577153280.000000
499373792.000000
608630912.000000
665748416.000000
633337856.000000
612273280.000000
719081280.000000
413084256.000000
698186240.000000
523603200.000000
620459584.000000
507962752.000000
577153280.000000
499373792.000000
608630912.000000
577153280.000000
499373792.000000
608630912.000000
577153280.000000
499373792.000000
608630912.000000
665748416.000000
633337856.000000
612273280.000000
731324416.000000
423809792.000000
707558528.000000
523603200.000000
620459584.000000
507962752.000000
577153280.000000
499373792.000000
608630912.000000
577153280.000000
499373792.000000
608630912.000000
577153280.000000
499373792.000000
608630912.000000
577153280.000000
499373792.000000
608630912.000000
667212096.000000
628699776.000000
615837888.000000
684599744.000000
391930976.000000
636087552.000000
-29554432.000000
251425408.000000
177017120.000000
-32013824.000000
221121344.000000
199514144.000000
-32013824.000000
221121344.000000
199514144.000000
-32013824.000000
221121344.000000
199514144.000000
-32013824.000000
221121344.000000
199514144.000000
-36972928.000000
215127360.000000
198673984.000000
111486080.000000
346386048.000000
193887232.000000
192839648.000000
78971232.000000
289138304.000000
93084944.000000
117305088.000000
189974432.000000
816014656.000000
729770112.000000
551959936.000000
677027904.000000
867864832.000000
443221440.000000
805544128.000000
428248064.000000
623032832.000000
553906560.000000
688031552.000000
405664064.000000
726990720.000000
686477376.000000
484809856.000000
805544128.000000
428248064.000000
623032832.000000
553906560.000000
688031552.000000
405664064.000000
603869312.000000
506644032.000000
447252480.000000
726990720.000000
686477376.000000
484809856.000000
805544128.000000
428248064.000000
623032832.000000
553906560.000000
688031552.000000
405664064.000000
603869312.000000
506644032.000000
447252480.000000
603869312.000000
506644032.000000
447252480.000000
726990720.000000
686477376.000000
484809856.000000
805544128.000000
428248064.000000
623032832.000000
553906560.000000
688031552.000000
405664064.000000
603869312.000000
506644032.000000
447252480.000000
603869312.000000
506644032.000000
447252480.000000
603869312.000000
506644032.000000
447252480.000000
726990720.000000
686477376.000000
484809856.000000
819969664.000000
440882304.000000
632404992.000000
553906560.000000
688031552.000000
405664064.000000
603869312.000000
506644032.000000
447252480.000000
603869312.000000
506644032.000000
447252480.000000
603869312.000000
506644032.000000
447252480.000000
603869312.000000
506644032.000000
447252480.000000
727665024.000000
679520128.000000
486194240.000000
761519104.000000
410577280.000000
557614208.000000
-81661888.000000
256032256.000000
87577280.000000
-95996352.000000
194408384.000000
69765248.000000
-95996352.000000
194408384.000000
69765248.000000
-95996352.000000
194408384.000000
69765248.000000
-95996352.000000
194408384.000000
69765248.000000
-102343296.000000
186762496.000000
68311360.000000
93339136.000000
361259072.000000
89659872.000000
198592832.000000
58446448.000000
247427344.000000
83955184.000000
91536000.000000
121256848.000000
987478080.000000
922297856.000000
675208384.000000
840955840.000000
1106330368.000000
613173120.000000
956984256.000000
508389248.000000
721152192.000000
692590464.000000
889910464.000000
566453824.000000
890340352.000000
841723904.000000
629632384.000000
956984256.000000
508389248.000000
721152192.000000
692590464.000000
889910464.000000
566453824.000000
741974976.000000
625304000.000000
582913152.000000
890340352.000000
841723904.000000
629632384.000000
956984256.000000
508389248.000000
721152192.000000
692590464.000000
889910464.000000
566453824.000000
741974976.000000
625304000.000000
582913152.000000
741974976.000000
625304000.000000
582913152.000000
890340352.000000
841723904.000000
629632384.000000
956984256.000000
508389248.000000
721152192.000000
692590464.000000
889910464.000000
566453824.000000
741974976.000000
625304000.000000
582913152.000000
741974976.000000
625304000.000000
582913152.000000
741974976.000000
625304000.000000
582913152.000000
890340352.000000
841723904.000000
629632384.000000
974323648.000000
523659904.000000
732461312.000000
692590464.000000
889910464.000000
566453824.000000
741974976.000000
625304000.000000
582913152.000000
741974976.000000
625304000.000000
582913152.000000
741974976.000000
625304000.000000
582913152.000000
741974976.000000
625304000.000000
582913152.000000
891318016.000000
833543872.000000
631743104.000000
911009088.000000
501789248.000000
672637952.000000
-86060800.000000
318070112.000000
129681760.000000
-104284032.000000
223390240.000000
88535808.000000
-104284032.000000
223390240.000000
88535808.000000
-104284032.000000
223390240.000000
88535808.000000
-104284032.000000
223390240.000000
88535808.000000
-112021440.000000
214094432.000000
86468416.000000
128448704.000000
429391616.000000
127445696.000000
229769696.000000
63343168.000000
273508096.000000
100595968.000000
91535984.000000
121256832.000000
987478080.000000
922297856.000000
675208384.000000
840955840.000000
1106330368.000000
613173120.000000
956984256.000000
508389248.000000
721152192.000000
692590464.000000
889910464.000000
566453824.000000
890340352.000000
841723904.000000
629632384.000000
956984256.000000
508389248.000000
721152192.000000
692590464.000000
889910464.000000
566453824.000000
741974976.000000
625304000.000000
582913152.000000
890340352.000000
841723904.000000
629632384.000000
956984256.000000
508389248.000000
721152192.000000
692590464.000000
889910464.000000
566453824.000000
741974976.000000
625304000.000000
582913152.000000
741974976.000000
625304000.000000
582913152.000000
890340352.000000
841723904.000000
629632384.000000
956984256.000000
508389248.000000
721152192.000000
692590464.000000
889910464.000000
566453824.000000
741974976.000000
625304000.000000
582913152.000000
741974976.000000
625304000.000000
582913152.000000
741974976.000000
625304000.000000
582913152.000000
890340352.000000
841723904.000000
629632384.000000
974323648.000000
523659904.000000
732461312.000000
692590464.000000
889910464.000000
566453824.000000
741974976.000000
625304000.000000
582913152.000000
741974976.000000
625304000.000000
582913152.000000
741974976.000000
625304000.000000
582913152.000000
741974976.000000
625304000.000000
582913152.000000
891318016.000000
833543872.000000
631743104.000000
911009088.000000
501789248.000000
672637952.000000
-86060800.000000
318070112.000000
129681760.000000
-104284032.000000
223390240.000000
88535808.000000
-104284032.000000
223390240.000000
88535808.000000
-104284032.000000
223390240.000000
88535808.000000
-104284032.000000
223390240.000000
88535808.000000
-112021440.000000
214094432.000000
86468416.000000
128448704.000000
429391616.000000
127445696.000000
229769696.000000
63343168.000000
273508096.000000
100595968.000000
91535984.000000
121256832.000000
987478080.000000
922297856.000000
675208384.000000
840955840.000000
1106330368.000000
613173120.000000
956984256.000000
508389248.000000
721152192.000000
692590464.000000
889910464.000000
566453824.000000
890340352.000000
841723904.000000
629632384.000000
956984256.000000
508389248.000000
721152192.000000
692590464.000000
889910464.000000
566453824.000000
741974976.000000
625304000.000000
582913152.000000
890340352.000000
841723904.000000
629632384.000000
956984256.000000
508389248.000000
721152192.000000
692590464.000000
889910464.000000
566453824.000000
741974976.000000
625304000.000000
582913152.000000
741974976.000000
625304000.000000
582913152.000000
890340352.000000
841723904.000000
629632384.000000
956984256.000000
508389248.000000
721152192.000000
692590464.000000
889910464.000000
566453824.000000
741974976.000000
625304000.000000
582913152.000000
741974976.000000
625304000.000000
582913152.000000
741974976.000000
625304000.000000
582913152.000000
890340352.000000
841723904.000000
629632384.000000
974323648.000000
523659904.000000
732461312.000000
692590464.000000
889910464.000000
566453824.000000
741974976.000000
625304000.000000
582913152.000000
741974976.000000
625304000.000000
582913152.000000
741974976.000000
625304000.000000
582913152.000000
741974976.000000
625304000.000000
582913152.000000
891318016.000000
833543872.000000
631743104.000000
911009088.000000
501789248.000000
672637952.000000
-86060800.000000
318070112.000000
129681760.000000
-104284032.000000
223390240.000000
88535808.000000
-104284032.000000
223390240.000000
88535808.000000
-104284032.000000
223390240.000000
88535808.000000
-104284032.000000
223390240.000000
88535808.000000
-112021440.000000
214094432.000000
86468416.000000
128448704.000000
429391616.000000
127445696.000000
229769696.000000
63343168.000000
273508096.000000
100595968.000000
91535984.000000
121256832.000000
987478080.000000
922297856.000000
675208384.000000
840955840.000000
1106330368.000000
613173120.000000
956984256.000000
508389248.000000
721152192.000000
692590464.000000
889910464.000000
566453824.000000
890340352.000000
841723904.000000
629632384.000000
956984256.000000
508389248.000000
721152192.000000
692590464.000000
889910464.000000
566453824.000000
741974976.000000
625304000.000000
582913152.000000
890340352.000000
841723904.000000
629632384.000000
956984256.000000
508389248.000000
721152192.000000
692590464.000000
889910464.000000
566453824.000000
741974976.000000
625304000.000000
582913152.000000
741974976.000000
625304000.000000
582913152.000000
890340352.000000
841723904.000000
629632384.000000
956984256.000000
508389248.000000
721152192.000000
692590464.000000
889910464.000000
566453824.000000
741974976.000000
625304000.000000
582913152.000000
741974976.000000
625304000.000000
582913152.000000
741974976.000000
625304000.000000
582913152.000000
890340352.000000
841723904.000000
629632384.000000
974323648.000000
523659904.000000
732461312.000000
692590464.000000
889910464.000000
566453824.000000
741974976.000000
625304000.000000
582913152.000000
741974976.000000
625304000.000000
582913152.000000
741974976.000000
625304000.000000
582913152.000000
741974976.000000
625304000.000000
582913152.000000
891318016.000000
833543872.000000
631743104.000000
911009088.000000
501789248.000000
672637952.000000
-86060800.000000
318070112.000000
129681760.000000
-104284032.000000
223390240.000000
88535808.000000
-104284032.000000
223390240.000000
88535808.000000
-104284032.000000
223390240.000000
88535808.000000
-104284032.000000
223390240.000000
88535808.000000
-112021440.000000
214094432.000000
86468416.000000
128448704.000000
429391616.000000
127445696.000000
229769696.000000
63343168.000000
273508096.000000
100595968.000000
91535984.000000
121256832.000000
987478080.000000
922297856.000000
675208384.000000
840955840.000000
1106330368.000000
613173120.000000
956984256.000000
508389248.000000
721152192.000000
692590464.000000
889910464.000000
566453824.000000
890340352.000000
841723904.000000
629632384.000000
956984256.000000
508389248.000000
721152192.000000
692590464.000000
889910464.000000
566453824.000000
741974976.000000
625304000.000000
582913152.000000
890340352.000000
841723904.000000
629632384.000000
956984256.000000
508389248.000000
721152192.000000
692590464.000000
889910464.000000
566453824.000000
741974976.000000
625304000.000000
582913152.000000
741974976.000000
625304000.000000
582913152.000000
890340352.000000
841723904.000000
629632384.000000
956984256.000000
508389248.000000
721152192.000000
692590464.000000
889910464.000000
566453824.000000
741974976.000000
625304000.000000
582913152.000000
741974976.000000
625304000.000000
582913152.000000
741974976.000000
625304000.000000
582913152.000000
890340352.000000
841723904.000000
629632384.000000
974323648.000000
523659904.000000
732461312.000000
692590464.000000
889910464.000000
566453824.000000
741974976.000000
625304000.000000
582913152.000000
741974976.000000
625304000.000000
582913152.000000
741974976.000000
625304000.000000
582913152.000000
741974976.000000
625304000.000000
582913152.000000
891318016.000000
833543872.000000
631743104.000000
911009088.000000
501789248.000000
672637952.000000
-86060800.000000
318070112.000000
129681760.000000
-104284032.000000
223390240.000000
88535808.000000
-104284032.000000
223390240.000000
88535808.000000
-104284032.000000
223390240.000000
88535808.000000
-104284032.000000
223390240.000000
88535808.000000
-112021440.000000
214094432.000000
86468416.000000
128448704.000000
429391616.000000
127445696.000000
229769696.000000
63343168.000000
273508096.000000
100595968.000000
91535984.000000
121256832.000000
523743744.000000
482871680.000000
1.000000
360272352.000000
479816992.000000
1.000000
465549248.000000
230845088.000000
1.000000
276807584.000000
362324928.000000
1.000000
343067264.000000
318759104.000000
1.000000
465549248.000000
230845088.000000
1.000000
276807584.000000
362324928.000000
1.000000
259602496.000000
201267040.000000
1.000000
343067264.000000
318759104.000000
1.000000
465549248.000000
230845088.000000
1.000000
276807584.000000
362324928.000000
1.000000
259602496.000000
201267040.000000
1.000000
259602496.000000
201267040.000000
1.000000
343067264.000000
318759104.000000
1.000000
465549248.000000
230845088.000000
1.000000
276807584.000000
362324928.000000
1.000000
259602496.000000
201267040.000000
1.000000
259602496.000000
201267040.000000
1.000000
259602496.000000
201267040.000000
1.000000
343067264.000000
318759104.000000
1.000000
474509664.000000
238568640.000000
1.000000
276807584.000000
362324928.000000
1.000000
259602496.000000
201267040.000000
1.000000
259602496.000000
201267040.000000
1.000000
259602496.000000
201267040.000000
1.000000
259602496.000000
201267040.000000
1.000000
342470208.000000
313583168.000000
1.000000
434356704.000000
199965968.000000
1.000000
-130856160.000000
103136576.000000
1.000000
-159866176.000000
56002656.000000
1.000000
-159866176.000000
56002656.000000
1.000000
-159866176.000000
56002656.000000
1.000000
-159866176.000000
56002656.000000
1.000000
-163733248.000000
51355552.000000
1.000000
-40432576.000000
161444720.000000
1.000000
113840128.000000
26251872.000000
1.000000
-860848.000000
39999992.000000
1.000000
